	x_value	y_value	z_value	output
0	0.258879394	0.107489802	1.26138023	1
1	-0.878091822	0.449810672	-0.934832839	1
2	0.8408030999999999	-0.579307809	-0.8404245359999999	1
3	-0.802253675	0.9835672529999999	1.996128319	1
4	0.263114758	-0.594645934	1.479371325	1
5	0.059101615	1.012109366	0.9290225190000001	1
6	2.072585104	-0.13431380099999998	-0.7431014909999999	1
7	-0.13593032900000002	0.12296747300000001	0.96156621	1
8	1.0680778690000001	-0.6084750760000001	0.765192512	1
9	0.88712203	0.348555115	0.003631971	1
10	-0.619353676	0.90583986	1.670260211	1
11	0.9213028940000001	0.22089105899999997	1.971399796	1
12	1.174422809	0.36505779899999996	0.458198506	1
13	2.1505654240000003	0.24045528600000002	0.182695319	1
14	0.8483053070000001	0.374810882	0.298781879	2
15	0.273171065	1.045788575	0.9995516999999999	2
16	-0.569949599	1.094083157	0.054467317	1
17	0.087505068	0.5154656910000001	0.209823701	1
18	0.6992694079999999	-0.5652598329999999	-0.462087526	1
19	0.692309655	1.008320333	1.423820698	1
20	-0.024656043	0.93703314	-0.026785691	1
21	1.0043414309999998	-0.11634317400000001	1.000745466	1
22	1.053924562	-0.654940051	-0.41776366600000003	2
23	1.2282495740000001	-0.490887972	0.9930842670000001	1
24	-0.060640447	0.376844351	1.964969674	2
25	0.787055042	0.641843045	0.9833777220000001	1
26	0.250914188	0.8523915759999999	0.07402824	2
27	1.6214276140000001	0.013575888999999999	0.460347109	2
28	1.92740491	0.037960309	1.9550694290000001	2
29	-0.8944423579999999	0.011768426	0.645680539	2
30	1.4033747619999999	-0.534642878	1.136473984	2
31	2.06585334	0.213295685	1.8814135730000001	1
32	-0.561599135	1.123458041	0.019906073	1
33	-0.120126385	0.418999196	-0.723085425	2
34	-0.849593898	-0.01608188	0.23339491699999998	1
35	-0.109698485	0.793633492	-0.849422958	1
36	0.10958750099999999	-0.028784376	0.946346131	1
37	1.032232022	0.256708634	1.53279934	1
38	0.813135353	0.232933072	-0.94731586	1
39	-0.8856256770000001	0.632777096	-0.986589725	1
40	0.552284204	-0.309324459	0.9455106190000001	1
41	0.43265749299999995	-0.376805991	1.221431363	2
42	1.966533233	-0.390412859	-0.286689122	1
43	-0.054997998	0.5250443579999999	0.219025942	1
44	1.07859797	-0.6720429929999999	1.776643613	1
45	1.824191699	0.273981623	0.722341438	2
46	-1.229191196	0.308786045	-0.33339338	1
47	-0.924881229	0.191855256	1.6873776880000002	2
48	1.024537523	-0.045767909	-0.054469454	1
49	0.7876633759999999	-0.369951343	1.912930263	1
50	0.060804986	0.284204317	0.007931752	1
51	-0.595579736	0.8403471240000001	0.557157596	1
52	0.614854175	-0.497576478	-0.991864596	1
53	0.23599118600000002	0.013286545	-0.571651621	2
54	-0.458229974	0.889224151	1.304406642	1
55	-0.9077342540000001	0.466918656	1.581908246	2
56	0.8432101390000001	0.534095265	0.9069233390000001	1
57	-0.676302515	0.6965990459999999	0.99459282	1
58	1.3945261230000001	-0.513898278	0.604348146	2
59	-0.836192197	0.749627313	0.198522283	2
60	0.104613314	0.39435613	1.336014495	2
61	0.9683230970000001	-0.437448722	-0.134594037	1
62	0.644498659	0.6780062579999999	0.858126198	1
63	-0.386505634	0.9549757259999999	-0.403153957	1
64	0.209878025	-0.003709328	0.0021036329999999997	2
65	2.230095923	0.42000889700000005	-0.9002967279999999	2
66	0.5683906089999999	-0.11665725699999999	-0.381964594	1
67	0.873103251	0.595737125	0.004928691	1
68	-0.06568586	0.793520039	0.214841095	2
69	1.829405975	-0.287354192	1.79599619	1
70	0.8736068229999999	0.531408077	1.960472687	2
71	-0.449027222	0.921811458	0.207887502	1
72	0.947079753	0.312077661	0.882737962	1
73	0.267556516	-0.442466846	1.526799257	1
74	0.809320516	-0.42801463100000003	-0.835120909	1
75	-0.741614357	0.482233931	-0.6747002009999999	1
76	0.79282541	0.775861661	0.893455155	1
77	1.9223183080000001	0.03995021	0.002521813	1
78	0.42535271399999997	0.8173460359999999	0.881715415	1
79	1.173875377	-0.375684943	0.595147608	1
80	1.059259812	0.300914639	0.08767591300000001	2
81	-0.820466976	0.013153753	1.587022425	1
82	0.719635122	-0.66650833	0.2603164	1
83	-0.893682029	0.065152878	0.885617531	2
84	0.11841583900000001	0.9038619000000001	-0.347893436	1
85	-0.97913785	0.544080685	0.042694717	1
86	0.829334412	0.23682578899999998	0.975790857	1
87	1.475494605	-0.396490128	0.451171985	2
88	0.226383905	0.896955775	1.277661158	2
89	0.24381861800000001	0.375655809	0.8037495440000001	1
90	-0.47030203600000003	0.8727054470000001	0.255275087	1
91	0.770726514	0.159626198	-0.9967527559999999	1
92	0.266394912	1.004545203	-0.9213240290000001	2
93	-0.129104946	0.9833240759999999	1.9861226459999999	1
94	-0.011418781000000001	0.303819551	-0.868254035	1
95	0.685034675	-0.214381378	0.9236746090000001	1
96	1.929798585	0.173054505	0.965691867	2
97	1.620164885	-0.364167436	-0.8562705540000001	1
98	0.8259932740000001	0.687893106	-0.22838094899999997	1
99	-0.141994177	0.9917022520000001	1.221964482	1
100	0.21351596	-0.337187412	0.821955166	1
101	0.579623848	0.956930362	1.8330420109999999	1
102	0.247912052	-0.39539235100000003	1.98926819	2
103	0.016501669	0.040997594	-0.9932705940000001	1
104	1.466840718	-0.273140402	0.254909657	1
105	-0.170948718	0.987084179	1.849215702	1
106	0.708435025	-0.117287196	0.947122845	1
107	0.791723078	0.837408528	0.695844954	1
108	-0.42667999700000003	1.1219634170000001	1.839954001	1
109	0.21664867699999998	0.843304712	0.488315747	2
110	0.900288913	-0.7112506140000001	-0.556090458	1
111	1.055982996	0.501288395	0.279161636	1
112	1.158227857	-0.400154634	-0.133287115	2
113	0.009744456	1.20652874	1.4917101380000002	2
114	0.8100551140000001	0.6260841229999999	0.05456736400000001	1
115	1.032952887	0.5844613470000001	-0.642261251	2
116	-0.030974336	0.30707785	-0.190207095	1
117	2.206699323	0.537946389	1.132114949	1
118	2.035995361	0.317055825	0.01069592	2
119	1.669916687	0.016588521999999998	1.414328326	2
120	0.967940085	0.432471457	-0.896751381	1
121	0.040849881	1.084197753	0.10662897	2
122	-0.117634356	0.9632169690000001	1.227251969	1
123	0.661508123	0.702956812	1.979182371	1
124	1.562811485	-0.41591484799999995	0.44359185	1
125	0.8078938529999999	0.567731813	1.641635886	2
126	-0.761847767	0.61410451	1.9994229959999998	1
127	0.77252532	0.020877014	0.064642461	1
128	-0.8820457629999999	1.00974287	0.893094391	1
129	0.525619827	1.123931381	-0.178892422	1
130	0.223025112	0.94045179	-0.173627258	2
131	0.893458442	-0.691535419	0.40877739399999996	1
132	0.788304825	-0.41990788799999995	1.862150531	2
133	0.05586555	0.079325165	1.153009444	1
134	0.628698785	0.729906698	0.806599417	1
135	1.823313915	0.291419263	0.003218001	1
136	-0.063809355	1.348078916	-0.388373191	2
137	1.165277222	-0.29875615	0.414919095	2
138	1.803952698	-0.22571863	1.0576753190000001	2
139	0.615732673	0.61199545	1.888081647	1
140	2.325876798	0.485520381	0.319664257	1
141	0.8267594540000001	-0.48086478899999996	1.712557986	1
142	0.002190825	0.59315766	0.310950443	2
143	1.1884852320000001	-0.426981675	0.131057951	2
144	-0.22513460899999999	0.6706428489999999	-0.902881413	1
145	1.718291255	-0.41726861299999995	1.094651893	1
146	0.91057658	0.48264178799999996	0.345026564	2
147	-0.654559265	0.7428836520000001	-0.529004323	1
148	1.4742965140000002	-0.276423798	0.019096218	1
149	0.600062477	-0.18560875100000002	-0.257316175	2
150	2.0019055690000003	0.060151563	-0.983278669	2
151	0.992587135	0.13794880199999998	1.545731125	2
152	1.319335449	-0.33851052299999995	1.8403217509999998	1
153	-0.689948369	0.841042483	0.388806986	1
154	0.578613552	-0.370125992	2.006536375	1
155	0.921129674	-0.315381089	0.676404958	1
156	0.237824812	0.9799494440000001	1.562649313	2
157	-1.164822255	0.504482045	1.168286526	1
158	1.9149390659999999	-0.17146289399999998	0.45869522799999995	1
159	1.2257682540000001	-0.509800245	0.5044124179999999	2
160	-0.039306722	1.143814629	-0.662533877	1
161	0.359254631	-0.053114260999999996	0.97035411	1
162	-0.812923139	0.699717206	0.980582545	2
163	-0.584491898	1.220827661	-0.7289077820000001	1
164	0.195186232	-0.144053182	1.706930857	1
165	0.32384157	0.054168767	-0.999575897	1
166	0.207468403	-0.35757908299999996	2.008479969	1
167	1.0275731259999998	-0.49302553	0.320270787	2
168	1.387314166	-0.296819169	0.44723313200000003	1
169	-0.446827976	0.8551389909999999	0.104419642	1
170	1.288022896	-0.40676157399999996	0.0044907540000000004	1
171	1.654693564	-0.18124798	1.995880934	1
172	0.171332861	1.1188658459999998	1.583849261	2
173	0.10323010000000002	-0.265017081	0.12461206	2
174	0.666683582	0.7379632759999999	0.10012492099999999	2
175	0.287436605	0.17271742899999998	0.54788401	2
176	1.4878248680000001	-0.517751537	0.032845375	2
177	1.098221956	-0.687213814	0.837867385	2
178	-0.10151091699999999	0.276178488	0.514950198	2
179	1.319029671	-0.40644883200000004	0.8743816670000001	2
180	1.3828678509999999	-0.37520172	0.893752772	2
181	1.112621147	-0.43779278299999996	1.00224188	2
182	0.6555675320000001	0.974615514	1.6478124159999998	2
183	0.596196965	0.6757719209999999	1.716506902	1
184	1.1911662459999999	-0.54473822	-0.990917742	1
185	0.28779513	0.8274064440000001	0.395607127	1
186	1.605737042	-0.529082752	0.730794258	1
187	0.273330854	-0.24153349100000002	-0.642732913	2
188	1.035500178	-0.708848712	1.996506945	2
189	-1.052872601	0.696327228	-0.884372735	1
190	-0.277863922	0.830949988	0.7888593220000001	1
191	0.21182054600000003	0.46649693700000006	-0.180260173	2
192	-0.014520186000000001	1.1005019059999999	0.879725799	2
193	1.8644719969999999	0.39931467200000004	-0.645963528	1
194	0.610194852	-0.492629859	0.2361317	2
195	-0.052952875	0.44185528700000004	-0.9665750359999999	2
196	0.516026965	0.7896339240000001	-0.237865453	2
197	-0.602346402	0.9100108659999999	0.622318781	1
198	-0.873352499	0.316269967	1.000527935	2
199	1.95183318	0.392544503	1.815780019	2
200	-0.570430651	1.116318202	0.128843912	2
201	1.906565558	-0.04932575	0.235210549	1
202	0.8020027390000001	-0.043510249	0.970247355	2
203	-0.064409341	-0.081632053	-0.8324413629999999	2
204	-0.623412776	0.747481224	-0.12636201800000002	1
205	1.7375204119999998	-0.330524166	1.04481761	1
206	-0.21027501199999998	0.98856565	0.21124468600000001	1
207	-0.032065712	-0.198243747	0.8332369559999999	2
208	0.623194798	-0.09677809400000001	0.8341229509999999	2
209	1.004533042	-0.7305878440000001	1.98564635	1
210	0.990159453	0.077600422	0.998813921	2
211	-0.31156265	1.264780456	1.673280307	2
212	0.120709993	0.78539496	1.6819361469999998	1
213	-0.566392363	0.7832224309999999	1.1823183959999999	1
214	-0.703520048	0.583236909	0.898408113	2
215	1.8466112380000002	0.095900375	1.880889772	2
216	0.23590353	1.1654777570000001	-0.702797192	1
217	0.350657568	1.069042048	1.944417945	1
218	0.640732565	0.024968715	0.36058158100000004	1
219	-0.632146384	0.614920645	-0.775121485	2
220	-0.799615932	0.462209115	0.20172871899999997	1
221	1.621618084	0.063576988	0.725865526	1
222	1.262341153	-0.524117123	0.8636682309999999	2
223	-0.7896267109999999	0.822836479	1.241389527	2
224	0.9983158329999999	-0.254407299	0.095396773	2
225	1.00487849	0.45227135399999996	-0.204203429	2
226	1.905238381	0.20374880899999998	0.6922309640000001	2
227	1.166966222	0.42918482399999996	1.683697754	1
228	0.547925223	0.7413959259999999	0.7618907709999999	2
229	-0.37356934799999997	0.829456376	0.007634224	1
230	0.245109663	-0.034024674	-0.958255995	1
231	1.213681293	0.091818041	-0.927799068	1
232	1.709474277	0.066721633	1.7558072619999998	1
233	0.7794478440000001	0.07633191	-0.582901008	2
234	0.12088042800000001	0.122654659	0.990114871	2
235	1.7583221569999998	0.406587163	0.18088288800000002	2
236	0.24103359100000002	0.217843464	1.816892479	2
237	1.241371765	-0.397294696	1.9881255919999998	1
238	0.825908201	0.906521845	1.999288929	2
239	0.889736615	0.342972795	-0.9907905509999999	2
240	-0.36152233200000006	0.886071708	1.946870972	2
241	-0.190178391	0.11168106900000001	0.49831140000000007	1
242	0.7076029979999999	-0.261012478	1.73602012	1
243	-0.62220886	0.531098773	0.99485714	1
244	-0.568817441	0.851668876	0.11656924800000001	1
245	-0.024931345	-0.157925482	1.521864263	1
246	1.9291349080000002	-0.019400065	1.89231595	1
247	0.602919987	-0.54348078	0.5118939060000001	2
248	-0.178411273	0.920519173	0.190248355	2
249	0.799687611	0.298991057	0.566830831	2
250	0.486550735	0.251172222	-0.993369843	1
251	-0.880420957	0.882170375	0.286392834	1
252	2.097273447	0.45075724	-0.7406354490000001	1
253	0.8898326540000001	0.6308102010000001	1.4460589990000001	1
254	2.049596449	0.164949697	-0.504265867	2
255	1.101334077	-0.444649029	-0.80662085	1
256	-0.523910923	0.7444378359999999	-0.9861365390000001	1
257	-0.20634801600000002	0.91772628	0.9997905509999999	1
258	0.19472962	-0.11203650400000001	0.383279301	1
259	0.837683851	-0.46932147399999996	0.811898993	1
260	0.564944447	0.6546844070000001	-0.246612058	1
261	0.918033606	0.37675410200000004	1.602712084	1
262	1.401961536	-0.347750915	0.732405545	1
263	1.071728423	-0.48045202600000003	1.8631502169999998	2
264	0.335412696	0.820550641	-0.456983401	2
265	2.067779963	0.055097183	1.56117439	2
266	0.388498231	-0.252754183	1.80455535	1
267	-0.006700009	0.841168936	0.08414726199999999	1
268	-0.065222515	0.860731633	1.993722299	1
269	-0.46886142799999997	0.866629522	1.44679723	2
270	0.723770148	-0.373967509	0.989728092	1
271	0.20813826100000002	-0.23414789600000002	1.713477619	1
272	1.350928434	-0.681477752	-0.7875332490000001	1
273	0.135184317	-0.12372081900000001	1.81839915	1
274	1.150280633	-0.614122436	-0.311031737	2
275	0.44096663	0.747160013	0.223003156	1
276	0.074845192	-0.056180482999999996	0.59106613	2
277	1.029661228	-0.590367808	0.028203794	1
278	0.440213144	-0.410718209	-0.9263521509999999	2
279	0.541734081	-0.17554234800000001	0.11970887699999999	2
280	1.868111189	0.543683579	-0.9966677190000001	2
281	0.550491763	-0.42125932299999996	1.123153982	2
282	0.101509717	0.184740207	1.065678587	1
283	-0.454455832	1.062174765	0.985149061	2
284	-0.354874915	1.027704457	0.98065852	1
285	1.316945193	-0.5988451020000001	0.480000032	1
286	-0.8633641890000001	0.512324674	1.8300446119999998	1
287	0.7292313970000001	0.902339905	0.226696856	1
288	0.697158362	0.934512322	0.866731218	2
289	0.176650206	-0.015028861999999999	1.959659015	1
290	0.145151446	0.543448501	-0.41271036	1
291	1.211711723	-0.290811303	1.868647947	1
292	1.462321784	-0.40518505200000005	0.5154420439999999	2
293	1.203991077	-0.6792408129999999	-0.998058727	1
294	1.5887751159999999	-0.033429554	0.237477842	1
295	1.478720997	-0.568651977	0.9282164190000001	2
296	0.274027327	1.0545689459999998	2.01089859	1
297	0.44092296	0.83912899	1.41644254	2
298	0.072508089	0.43066042600000004	0.9511658479999999	1
299	-0.49432063	0.974790666	0.260951962	2
300	-0.6841442329999999	0.364963521	0.027157316	1
301	0.21972675100000003	0.7354526690000001	0.419570066	1
302	1.7407808	-0.303748544	0.899515553	1
303	-0.25071826	1.04606323	0.9959026329999999	1
304	1.702530818	-0.24046860399999997	-0.9954295329999999	1
305	0.003746863	0.082446668	-0.8206179709999999	2
306	0.81761984	-0.388031175	-0.300191307	2
307	0.804379518	0.6689507729999999	-0.58411184	2
308	0.692324528	0.607226589	1.7858021640000001	2
309	-0.694967428	0.17298470100000002	0.9963873670000001	1
310	-0.6828031090000001	0.277745856	0.488031513	2
311	1.193791018	-0.318712645	1.90308019	1
312	-1.0663570070000001	0.323190715	0.327518769	1
313	1.056226572	0.6005560120000001	-0.023610641	1
314	-0.8620356809999999	-0.043124257	0.20110582300000002	1
315	0.867963103	-0.182509984	-0.891386507	1
316	-0.44103116200000003	0.87398697	-0.84539287	2
317	0.05529072	-0.025340879	-0.33255409	2
318	-0.936499621	0.211869728	0.250257171	1
319	-0.388514794	1.01546349	0.771174467	2
320	-0.11581276	0.9153384309999999	0.519636975	1
321	0.226666366	0.29599573	-0.9975398609999999	1
322	0.19430187699999998	1.453850114	0.6000663970000001	1
323	0.333180054	0.070239608	0.7611876540000001	1
324	0.194895512	0.8761936140000001	1.374036824	2
325	1.5789260369999998	-0.222388825	-0.5936298289999999	2
326	2.034332369	0.462567066	0.06065649099999999	1
327	1.9803471240000001	0.12096772300000001	-0.581132118	2
328	0.742349998	0.6506365789999999	0.697141171	2
329	-0.5803705029999999	1.070445976	0.662441598	2
330	2.041423701	0.46506711799999995	0.384330092	2
331	2.102907723	0.11639898900000001	-0.8990596890000001	1
332	0.6993961390000001	-0.582125974	0.00196143	2
333	-0.35074813899999996	1.035101461	0.041667919	1
334	0.461958143	1.22317579	0.759838812	2
335	1.465795494	-0.316789789	0.058059908	1
336	0.06862436	0.055412572	0.7700701740000001	1
337	0.804053578	-0.588911566	-0.87566774	2
338	0.45606619200000004	0.8124035190000001	-0.307578527	1
339	1.421803306	-0.267962408	1.381088494	1
340	-1.29904731	0.268906843	0.713490678	1
341	0.899624843	0.001003136	0.994419871	2
342	0.501768264	1.098399337	1.5888132119999998	2
343	2.022364059	0.660468516	-0.994593783	1
344	0.792678563	-0.097920207	0.99908208	1
345	-0.778294158	0.72787768	0.22519546399999998	1
346	1.995748399	0.33820306899999997	0.956795504	1
347	0.691890863	1.10998426	0.8414023420000001	1
348	0.813142699	0.677373698	-0.973650109	2
349	1.31786826	-0.570867731	1.763627735	2
350	0.555115763	-0.274185375	0.99912917	1
351	-1.010282554	0.34310361899999997	1.983095461	2
352	0.20726501600000002	0.059090101	0.11183735800000001	2
353	0.65970491	-0.3263449	0.023947323	2
354	1.0662190440000001	-0.531477297	0.697610009	2
355	-0.87190561	0.250978506	0.017042815	1
356	1.133277197	0.373015105	0.293844742	1
357	0.012922092	0.97835312	-0.20939830899999998	2
358	0.761787153	0.846055158	-0.47592265799999994	1
359	-1.124782132	0.306976795	0.841929479	1
360	1.681455355	-0.32771177	0.493514488	1
361	0.7472550179999999	0.664270978	0.420524024	2
362	0.09808929400000001	1.019900206	0.024303737000000002	1
363	-0.512251321	0.7452137090000001	1.1810969279999999	1
364	-0.250646521	1.037625567	-0.533960395	2
365	1.224025795	-0.46019219100000003	1.989700213	2
366	1.778348616	0.451469579	0.326189623	1
367	-0.9846759340000001	-0.092839302	-0.471147396	1
368	0.75189103	0.539001848	0.268609531	1
369	0.29667331199999997	1.090204523	-0.94581268	2
370	0.529842093	-0.60043526	-0.37699503700000003	1
371	-1.128226989	0.17108619600000002	0.018975592	1
372	0.844699338	-0.327626743	-0.291028159	1
373	1.139153955	-0.45864579200000005	0.638092598	1
374	0.38629874799999997	-0.48765682200000005	-0.400455557	2
375	-1.077743451	0.24597258	0.938549557	1
376	0.284160548	0.015361631	0.78560556	2
377	0.6218399370000001	-0.273204584	-0.993842289	1
378	2.262162568	-0.006716496	0.036194734	1
379	0.738246767	0.820923725	0.6779148509999999	2
380	-1.0094142990000001	0.084256665	0.82701518	1
381	0.024268632000000002	0.612036495	0.47996896	1
382	0.827243318	-0.361593744	-0.42305948600000004	1
383	-0.059632189	0.9723865890000001	-0.969244422	1
384	0.585395013	-0.183640816	0.34852481700000004	1
385	1.044158788	0.221311564	1.084332679	1
386	-0.250459512	0.849100665	0.189046262	1
387	0.619188814	0.611875971	0.545542935	1
388	0.885136409	0.18326685199999998	0.536774843	1
389	0.9386350170000001	-0.696281327	-0.003148937	2
390	0.997084078	0.12299789800000001	1.8723650059999999	2
391	0.9861502209999999	0.133111611	0.889838639	1
392	1.824677207	-0.38338325700000003	-0.9995371540000001	2
393	1.905333525	0.221920521	0.913075463	1
394	-0.6870226070000001	0.703950834	1.029328099	2
395	0.377787755	-0.425304191	0.308409608	2
396	0.824868926	0.458625446	0.7852925540000001	2
397	1.9479875619999998	0.149172805	-0.797476167	2
398	0.232206317	0.066442343	0.7451567290000001	2
399	0.871238924	0.09546768900000001	0.005390103	2
400	-0.949436246	0.455540705	1.090829749	1
401	0.28502508	0.996508928	1.8257020130000001	2
402	0.9222072020000001	0.643308778	0.839998976	1
403	1.9625130530000001	-0.10402359900000001	0.252581682	1
404	-0.740553708	0.464757012	-0.066826467	1
405	-1.101575197	0.003708558	0.50190175	1
406	2.098176468	0.281407628	0.799497294	1
407	1.9921718019999999	0.060932132	-0.6017901920000001	2
408	-0.4518201	0.746208759	0.9054877159999999	2
409	1.7497023090000001	-0.14597727800000002	0.6924165790000001	2
410	1.690706325	-0.037425982	1.001210248	1
411	0.822577854	0.536397106	-0.9813444159999999	1
412	-0.9324511809999999	-0.056668045	1.9600656719999998	1
413	1.204871541	-0.312988889	-0.087031002	1
414	0.014357654	0.985291164	0.8742974040000001	1
415	1.1224868270000001	-0.61595726	0.025361303999999998	1
416	2.019300917	0.171528756	0.818282851	1
417	0.376719475	-0.09799973199999999	0.510094379	2
418	-0.412991655	1.0430932640000001	0.581715045	1
419	-0.26392621	0.119708097	0.12930729	2
420	0.574858549	0.5558173670000001	0.901034344	2
421	1.6672755419999998	0.12370669	-0.400897957	2
422	0.24162833600000003	0.783144666	0.13512933300000002	2
423	-0.728392055	0.662455782	0.658654541	2
424	0.9998508420000001	0.32745393	1.930645862	2
425	1.6699910569999998	0.154560843	1.0761477940000002	1
426	1.9880193519999998	-0.164370385	0.006690583000000001	2
427	0.245883972	0.961295813	0.407949475	2
428	0.317932098	-0.32754975199999997	0.31377815600000003	2
429	0.433074972	0.055261554000000004	0.851312871	2
430	1.6057649880000002	-0.878917218	0.980706656	2
431	0.287489407	-0.06181064	0.60923764	1
432	1.0562181640000001	0.449390312	0.338781506	1
433	0.238214915	0.954451941	0.628893358	2
434	-0.73908993	0.8306983729999999	1.6200241340000001	1
435	1.5399684969999998	-0.18095162399999998	0.037675577	1
436	0.970474085	-0.476394915	1.839676539	1
437	-0.016283983000000002	0.42750194	0.8030867429999999	2
438	0.504951067	-0.439117583	0.025835212000000003	2
439	1.477715106	-0.36220234	0.475844714	2
440	-1.049194725	0.044530494000000004	0.7039468990000001	2
441	-1.026330371	0.485874216	1.02993628	1
442	2.1059569469999997	0.45177504700000004	1.041739412	2
443	1.213720741	0.35535747700000003	0.577133837	1
444	-0.295182362	1.003826102	1.991066889	2
445	0.976611398	0.224154493	2.001735951	1
446	0.878683792	0.40965652	1.4046540159999998	2
447	1.834872175	-0.070777771	0.412816915	2
448	1.322327014	-0.296061588	-0.619641569	1
449	1.9378389619999998	-0.145314947	0.940711691	1
450	0.764951987	-0.445618281	-0.94220328	2
451	1.789941384	0.013563322	0.483751207	2
452	0.172123875	0.025845262999999997	0.057484868	2
453	-0.244345791	1.0007599090000001	0.822384408	2
454	-0.824634937	0.314069014	0.258257312	1
455	0.470507134	-0.37840265100000003	-0.9318557140000001	1
456	0.095063232	0.15628197300000002	0.84529627	1
457	1.049056272	0.768578086	0.47990823	1
458	0.606892788	-0.36529132700000005	1.301624044	2
459	1.7072079130000002	-0.336209242	0.967213131	1
460	1.956279169	0.108200496	0.978202482	2
461	0.44625588899999996	-0.224341177	0.023455511000000002	1
462	1.07494988	-0.646810985	0.144931207	1
463	-0.408012672	1.095111032	-0.32153455	1
464	0.04262808	0.451158061	0.042902224	2
465	0.309266448	-0.03468067	0.09745979099999999	1
466	1.158578951	-0.50072649	0.415767427	1
467	-0.945858161	-0.07517481200000001	-0.827747881	1
468	0.144714758	0.49535419700000005	-0.14975896	1
469	0.7266670890000001	0.977991866	0.041952587	1
470	-0.958910893	0.551711608	-0.146870374	2
471	1.914549674	0.276664795	0.623311753	2
472	0.0030057390000000003	0.356801211	-0.37171916899999996	2
473	0.8513394959999999	0.48697003299999997	0.948443374	1
474	0.8352611120000001	0.28398598399999997	0.17849990100000002	2
475	-0.442452776	0.6455370260000001	-0.15155379300000002	2
476	-0.033194367999999995	1.332844476	0.076641094	2
477	0.368776579	1.104151467	1.745727777	2
478	1.76026722	0.180111386	1.954444829	1
479	0.485340569	0.699666868	1.712488003	2
480	-1.119239169	0.36393477700000004	1.789443458	1
481	0.602061725	0.5664316220000001	1.685576802	1
482	1.388974806	-0.656872873	0.161819939	2
483	0.270119817	0.032040917	-0.623869934	1
484	-0.8964074959999999	0.26882796600000003	1.2068002740000001	2
485	-0.6259937489999999	0.064948491	1.0079107040000002	1
486	0.597886824	-0.47546271100000004	1.113479549	1
487	-1.155308727	0.281347447	1.999339212	1
488	-0.021263507999999997	0.943641492	1.992766451	2
489	1.103609916	-0.488650927	-0.9770655340000001	1
490	1.7815454169999998	-0.008777227	1.7050831880000001	1
491	0.893443911	0.24680954600000002	0.10752318400000001	2
492	1.409179194	-0.466326215	1.2954149659999998	2
493	0.787168523	-0.37908883200000004	0.682288743	1
494	-1.170630956	0.742367326	1.184357881	1
495	0.752910711	0.359062515	0.033377561	1
496	1.925465003	0.289502988	-0.13374141	1
497	1.8599431830000002	0.229002204	-0.0007332430000000001	2
498	-0.827468504	0.7132280959999999	0.407351814	1
499	0.347319362	0.470774267	-0.002348347	1
500	1.63429305	-0.318388486	0.7896449170000001	1
501	1.005570099	-0.28462695600000004	1.9315794169999998	1
502	-0.742138207	0.534264203	0.152444175	1
503	-0.988241727	0.095695049	0.532942731	2
504	1.5856644219999998	-0.336338717	0.960853162	1
505	0.98041291	0.153557637	0.041401236	2
506	0.810416382	-0.34872715600000004	-0.769706178	1
507	1.239750344	-0.528277045	-0.79470824	2
508	-0.9575117870000001	0.34213762	-0.004827886	1
509	0.511718283	-0.6214335360000001	1.202444201	1
510	0.136428375	1.00183346	0.122287138	1
511	-0.11825605800000001	1.02632546	1.943528779	2
512	-0.09022179599999999	0.150703012	1.9895930069999999	1
513	-1.1219527009999999	0.45870473	1.734629045	2
514	1.099825761	0.171986781	0.34585634	2
515	-0.051829923	0.542938594	-0.49015612399999997	1
516	0.051699378	1.143953064	0.119748542	1
517	-0.848143633	0.258184978	-0.736645048	2
518	-0.575958702	0.381767116	0.347441699	2
519	1.8804103730000001	-0.148334954	1.465552015	2
520	-0.419824046	0.7397868559999999	0.9921475890000001	2
521	0.942704458	0.456160469	0.725186381	1
522	0.6830306420000001	0.498585765	0.523231306	2
523	0.524730948	0.8658239059999999	1.994514366	1
524	-0.056695111	1.205365214	-0.749560181	1
525	0.288868568	-0.23289117399999998	1.2591145320000001	1
526	0.24621030300000002	1.316159123	0.022021524	1
527	0.624712915	0.92279353	0.966236896	1
528	-0.16165867	0.882626935	1.750510456	2
529	1.715231049	-0.475629866	0.37571626	2
530	-0.743780454	0.683117944	1.9461570590000001	2
531	1.264889562	-0.432998194	0.03761923	2
532	1.9739593009999998	0.258949645	0.961697244	1
533	-0.145455679	0.836349305	0.981796727	2
534	-0.853499338	0.361195909	1.066298028	1
535	0.532838533	-0.5607270999999999	1.10159819	1
536	0.316815042	0.12888282	0.080727859	1
537	0.8655006820000001	-0.315855789	0.40281355799999996	2
538	1.904105834	-0.069544936	-0.743988654	1
539	1.037409803	0.134607853	0.861235231	1
540	2.042786128	0.227732905	0.006883635	2
541	1.342180465	-0.444979199	-0.513129341	1
542	0.5308697179999999	1.132871261	-0.034420322999999996	1
543	0.6049987729999999	0.858101364	0.000658697	1
544	-0.8983958009999999	0.576422868	1.000066397	2
545	-0.979761054	-0.118032178	-0.947333388	1
546	0.47549115399999997	0.7391296070000001	0.370086672	1
547	0.18891916600000003	0.8784870290000001	-0.7896778440000001	2
548	0.99543378	-0.373272105	0.6360109820000001	1
549	0.35908293700000005	0.94512382	0.08205478	1
550	0.564657955	1.1011497209999999	-0.005448368	1
551	2.0121310059999997	0.455250576	0.003482375	2
552	0.312153787	0.559502936	0.166965275	1
553	0.8273741040000001	-0.5904822820000001	0.34486310299999995	1
554	-0.16193216800000002	1.0134608729999999	0.151246106	1
555	0.630448816	-0.057354707000000005	0.10528370599999999	1
556	-0.158624994	0.45332759899999997	0.166814123	1
557	0.21228951	-0.055472875	-0.821476478	1
558	0.817211948	-0.518225295	-0.6825254629999999	1
559	0.643910797	-0.418550054	1.335240156	1
560	-0.186817796	0.655342479	0.635202106	1
561	1.976967025	0.466846136	0.6150247670000001	1
562	0.31460878	-0.046157063	0.32841055399999997	2
563	0.83580971	-0.42125894	1.606665781	2
564	0.629103434	0.573997971	0.8373499459999999	2
565	0.027312843	0.36495537200000006	-0.8787419190000001	1
566	0.103018648	0.8956914420000001	0.24373174	1
567	-0.936334184	0.458607731	0.288827565	2
568	0.658051254	-0.31225069	-0.9855758640000001	2
569	1.020819229	-0.581036977	-0.865462288	1
570	0.024019931	0.834983402	-0.344918118	2
571	2.155130661	0.554925726	0.608147684	2
572	0.785065702	0.317208385	1.034857162	1
573	1.25333001	-0.42656181200000004	1.4011243119999999	1
574	-0.6269730960000001	0.8147108809999999	1.7988738830000002	2
575	2.000426471	0.09811930599999999	1.486630919	2
576	0.06707904099999999	1.088246903	0.045071449000000006	1
577	-0.161976802	0.871029435	-0.006714914000000001	2
578	0.49903758200000004	-0.36777983299999994	0.9938837559999999	1
579	1.8092290619999998	-0.26927992300000003	1.499638101	2
580	0.329766634	-0.041957832	0.735554492	1
581	0.66533319	0.853897081	0.279650207	1
582	0.7532810640000001	0.6718210040000001	1.193945456	1
583	-0.6445322920000001	0.624659002	-0.6916043059999999	2
584	-0.268195014	0.744000507	0.512733475	2
585	0.106133671	-0.30824835	0.909824367	2
586	0.053841945	0.645837674	0.067234139	2
587	-0.838589898	0.51416973	0.9269405000000001	2
588	0.89583685	0.26280182399999996	0.784920381	2
589	0.354988421	0.937329827	-0.887937025	2
590	0.15041744699999998	1.056941558	-0.966347785	1
591	0.925088427	-0.6843469320000001	0.626034943	1
592	0.097171226	1.030716272	0.45289575	1
593	-0.034619151	0.494392741	0.330238413	2
594	1.067681503	-0.711994043	1.973560846	2
595	0.93691099	0.475940628	0.989932316	1
596	1.016861475	-0.46566720100000003	-0.71217417	1
597	0.466270449	-0.196974037	0.9308295879999999	1
598	0.629266598	0.48472191	-0.46036423299999996	2
599	0.161666759	0.43296718799999995	0.445996283	1
600	-0.551265343	0.572794432	0.860853468	2
601	0.949243318	-0.6862776840000001	0.973085202	2
602	-0.13703211199999998	0.29349245399999996	0.08977238	2
603	-0.187480007	1.118684836	1.9816519259999998	2
604	1.790211226	-0.328969247	0.563552434	2
605	-0.179699757	0.308567861	0.353521841	1
606	0.7860719559999999	-0.482033725	0.714645401	1
607	1.6824188569999998	0.33056691899999996	1.5411671319999998	1
608	1.067531708	-0.54877144	1.4420203999999999	2
609	1.1311920290000002	-0.027541428	0.133046012	1
610	0.710137998	-0.237896512	-0.545056016	2
611	-0.6210361179999999	0.8098048809999999	1.58179898	2
612	0.623005779	-0.459469394	0.932092322	2
613	0.6880341320000001	-0.32005253899999997	0.742691725	2
614	0.023486339	0.502053529	-0.9362948740000001	1
615	0.700405325	0.084009573	0.76668156	1
616	0.472216928	0.976316275	0.147482217	2
617	-0.909389401	0.046877817	1.4279023030000002	1
618	1.640008897	-0.050495795999999996	0.443729773	1
619	0.08683117300000001	0.48636356799999997	0.434181494	1
620	0.48091387799999996	-0.510928335	-0.690609703	1
621	-0.7204166890000001	0.19734693600000003	0.9644334729999999	1
622	0.171243023	0.426221226	-0.166027277	1
623	2.11842126	0.093643184	1.242897273	1
624	1.556500379	-0.192964208	-0.9752512740000001	2
625	0.94896765	-0.34092353700000005	0.054973222999999995	1
626	1.132247467	-0.375602802	0.27472872600000003	2
627	0.986718373	0.047511621	0.538735501	2
628	-0.896602818	0.681647146	0.279423721	1
629	0.064117187	0.626355639	0.982646419	2
630	0.7516548759999999	0.46743441700000005	0.097148192	1
631	0.423240358	0.649397384	0.480005675	1
632	0.51121081	-0.127153409	1.872182379	1
633	-0.147207392	0.45400539	1.520384723	2
634	2.151284038	-0.024814158	0.6630567239999999	2
635	0.5981404029999999	0.12148279599999999	-0.845623227	1
636	1.428109972	-0.230910377	0.842268028	1
637	1.111127645	0.377743344	0.03280778	1
638	1.543302688	-0.244810823	0.577098386	1
639	-1.154345142	0.15267983400000001	-0.446384031	1
640	-0.8901317540000001	0.045953504000000006	0.568933397	2
641	1.964075356	0.247426366	1.63560464	1
642	0.14864332	0.8418783590000001	1.994426714	2
643	-0.901650425	0.170403257	0.37361561600000004	1
644	1.4948922519999999	-0.697083595	-0.923293131	2
645	2.014047789	-0.12151907599999999	-0.9677216890000001	1
646	-0.41968365799999996	0.69008389	0.006983355	1
647	-1.0822985520000001	0.013673225	0.871250275	1
648	-0.752368794	0.653682303	0.138529566	2
649	0.048013043	0.874086967	0.580328328	1
650	1.266531463	-0.344960376	-0.976657593	1
651	1.625924109	0.370836224	1.439811402	2
652	0.36721318799999997	0.759342379	0.5860560570000001	1
653	0.23714454899999998	-0.17941035800000002	0.635865599	1
654	-0.6334064079999999	0.811398332	-0.8242396190000001	2
655	-0.661088925	0.515023088	1.9224397659999999	2
656	1.216126543	0.476830417	0.6945190920000001	2
657	1.111640578	-0.29935363	2.001761565	1
658	-0.630468448	0.41572242299999995	0.94531693	1
659	-1.100889363	0.243844155	1.9697446090000001	2
660	-1.026036497	-0.00374793	1.6666972969999998	1
661	1.9754200640000001	-0.045537812000000004	-0.858021823	1
662	2.049320145	0.568559363	0.9519649840000001	2
663	-0.227988608	1.030302041	-0.045999187999999996	1
664	-0.208694247	1.16241085	2.005979774	1
665	0.699223423	-0.462061056	0.962141806	1
666	1.391382271	-0.421425557	0.913204412	1
667	-0.407379979	0.905260553	-0.074678275	1
668	1.977712436	0.228380222	-0.28109317	1
669	1.140200632	0.271484627	1.167818312	1
670	0.21940274199999998	0.310401143	0.962715373	1
671	0.798956969	0.341960896	-0.62666499	2
672	0.7202001929999999	0.8511616909999999	0.618993099	2
673	1.029654538	-0.6461158810000001	0.145812111	2
674	0.152636829	0.780092517	-0.96146415	1
675	1.731477107	0.11886863800000001	1.975748731	1
676	0.519896534	0.8130487409999999	0.108086332	2
677	0.303712327	-0.18479174199999998	0.34343533200000004	2
678	0.26857986300000003	-0.366173381	0.15015731400000001	2
679	0.898208797	0.36213881700000006	-0.961326062	2
680	-0.253759563	0.9948244970000001	0.224186795	2
681	-0.488908674	0.735668353	1.896594825	2
682	0.323165739	0.9257009959999999	0.15967135400000002	2
683	-0.547925848	0.8868309259999999	-0.770554739	1
684	1.653925726	-0.554769531	0.46681444299999997	2
685	-0.626717637	0.9491853090000001	-0.80583802	2
686	0.275746602	-0.261066138	0.998411355	2
687	-0.26254556	-0.145229829	1.8811942259999999	1
688	-0.904218326	0.7693837859999999	-0.66775903	1
689	0.8812115859999999	0.293445945	-0.875879306	1
690	0.120106289	0.409108171	0.589733332	1
691	2.236540025	0.271197961	0.06378413	1
692	0.947491038	0.088436347	-0.7669272420000001	2
693	0.028164485	0.157085002	1.9628016169999998	2
694	0.298878346	0.5228365420000001	-0.046853529000000005	2
695	1.273885489	-0.393409356	1.836980131	2
696	1.561269987	-0.24843707199999998	0.9901711609999999	1
697	0.8273045290000001	0.843297812	0.287214928	2
698	0.978750274	-0.418923015	0.944621222	2
699	1.561855121	-0.062117097	1.520223996	2
700	1.9278221469999999	-0.078823158	0.068575498	2
701	0.85096865	0.261709343	1.460711011	1
702	0.751458154	0.852532662	-0.52017337	1
703	0.502904362	-0.17675274300000002	-0.108316761	1
704	-0.84017856	0.52324749	0.045638582999999996	2
705	0.11672649800000001	0.227699011	0.671866297	1
706	0.485806216	0.876983974	-0.875020395	1
707	-0.9131544620000001	0.262966593	-0.233057161	1
708	-1.178185474	0.743174667	0.7228355040000001	2
709	1.689818245	-0.313564629	1.907254755	1
710	0.03956657	0.230043754	1.9146035	2
711	1.085069824	0.235980305	0.746929422	2
712	-0.916776149	0.244370261	1.5658651140000002	1
713	0.14173142	0.295093828	1.8526447019999999	2
714	-0.12565077	0.636091917	-0.21962790199999999	1
715	0.12211907699999999	-0.00431229	1.334161237	1
716	1.612959197	-0.48988120799999996	-0.9820324779999999	1
717	-0.278531374	1.05212936	1.39119365	1
718	-0.494973056	0.869860045	-0.000492894	2
719	0.621687598	0.7840105940000001	0.9698090359999999	2
720	-1.11596724	0.143908153	-0.657408476	1
721	-0.336340501	0.720589186	0.924812634	1
722	0.685655198	0.9681306890000001	0.866602781	1
723	0.16274170699999999	-0.061815904000000005	-0.057707228	1
724	0.121924442	0.884255916	1.87891999	1
725	-0.8577187340000001	0.231556752	0.0023282710000000002	2
726	0.97358313	0.303455133	0.106764104	2
727	-0.19906189600000002	0.9567540409999999	1.624817565	2
728	1.9453873119999998	0.186125387	1.9582011519999998	2
729	1.586007265	-0.156710307	1.258711772	1
730	1.346345371	-0.44561405200000004	0.84312043	1
731	0.08379334	0.889700045	0.401006097	1
732	0.359945034	-0.526518367	-0.952193572	1
733	1.136018855	0.027461087000000002	0.750776935	1
734	0.925382135	-0.429513031	1.840416698	1
735	-0.019760486	-0.01835992	-0.533122769	1
736	-0.923401444	0.394341764	1.319537772	1
737	1.037424352	-0.44354066	0.313562563	1
738	-0.879076889	0.352805807	0.669236711	1
739	0.259471388	1.185898513	1.078144303	1
740	0.501977134	0.8475220379999999	0.566974239	1
741	-1.079022294	0.343357281	0.905235962	2
742	0.141550556	0.39819338200000004	1.342444154	1
743	-0.572323215	0.9884025890000001	0.5638276489999999	1
744	1.7866595490000001	0.093825506	0.281184927	1
745	1.646249425	-0.23166920600000002	-0.937147462	2
746	0.919378342	-0.5462260870000001	0.157853367	1
747	-0.127711598	0.704468462	1.9638528690000001	2
748	-0.575224007	1.133029965	-1.0004002220000001	1
749	1.602892334	-0.402318635	-0.6975982759999999	2
750	0.7730149059999999	0.333796205	-0.941123755	1
751	0.5909567170000001	0.905052245	1.7549738680000002	1
752	2.051621865	-0.012066698	0.903795881	1
753	-0.968247977	0.61837498	1.634100449	2
754	-0.848171725	0.360542464	1.722389109	1
755	1.495752079	-0.243176342	0.635456425	2
756	-0.35742044	0.6264386989999999	1.9033588240000001	2
757	-0.541832189	0.588375944	0.015293346999999999	1
758	0.016838635	0.9244018940000001	0.8640612390000001	1
759	0.688780602	-0.04581236	-0.125720705	1
760	-0.333588975	1.192471619	0.5332349160000001	1
761	0.17970759600000002	0.9983890740000001	0.701339362	1
762	0.8394235940000001	0.45714235200000003	1.958859109	1
763	0.681047319	0.6395523439999999	-0.745567164	2
764	0.186592956	-0.112170391	1.116458988	2
765	0.031913122	1.130688076	0.929301693	2
766	-0.947501886	0.382505979	-0.44395901600000004	1
767	2.131044237	0.293786842	1.98320467	1
768	-0.132188841	0.6012739739999999	-0.557892046	1
769	0.5530923670000001	0.852210406	-0.864036115	2
770	0.563398714	0.7391107490000001	0.7023164159999999	2
771	-0.09552732	-0.197241357	-0.973228876	1
772	0.73362947	-0.579550152	-0.829044278	2
773	1.723345481	-0.20121571	1.975474599	1
774	0.286660343	0.087932516	0.776636187	2
775	0.7916446220000001	0.8249154390000001	-0.944407813	1
776	0.81873175	-0.547788797	0.152188402	2
777	-1.168528796	0.185752429	1.383707209	1
778	1.413343113	-0.38551938399999996	0.149011119	1
779	1.160637305	0.791561851	-0.670106826	1
780	0.30532059	-0.430442996	-0.9947507440000001	2
781	-0.107584855	0.620847764	1.28979333	2
782	-0.11821931599999999	1.039099928	0.539503517	1
783	-0.748069963	0.48645215399999997	-0.07334341700000001	2
784	-0.668462054	0.693869829	0.008608572	1
785	0.837077321	-0.463876725	-0.5451151160000001	1
786	-0.8879096240000001	0.20663902399999998	1.9923674169999999	1
787	0.38791095200000003	1.019205968	1.786694182	2
788	0.333445934	0.690912216	0.991449479	1
789	1.214695507	-0.374447746	0.663311539	1
790	-0.37474904	1.050422658	-0.9255829329999999	1
791	0.17546438399999997	-0.183940582	0.017426900000000002	1
792	0.22308715899999998	-0.087048316	0.176715624	1
793	-0.055489724000000004	-0.206410672	1.9376590459999998	1
794	0.759898113	-0.408660808	0.36584465299999996	2
795	0.022388821	0.396475301	1.9096466090000002	2
796	0.554925081	1.017275963	0.065275329	1
797	-0.067974631	0.299693936	0.09918472699999999	1
798	0.34120217799999997	-0.21108068600000002	0.090439122	1
799	-0.8969266090000001	0.690991661	0.6881143909999999	1
800	-1.0023269479999999	0.43286558299999994	-0.440296872	2
801	0.9448176540000001	-0.509338657	0.614136111	1
802	1.724028285	-0.292150845	-0.423306942	2
803	1.4822068119999998	-0.398458015	0.9243435109999999	1
804	1.051487883	-0.333081691	0.343485221	2
805	1.757468796	-0.185302706	-0.985084902	1
806	0.868323947	-0.45663034799999996	1.9737438280000001	1
807	0.715843975	-0.709484865	1.140613291	2
808	0.280688471	0.230582153	1.757387255	2
809	-0.554026183	0.922660809	0.975622378	1
810	0.700534722	-0.448457509	0.678920897	1
811	1.623671351	-0.555359866	0.742185235	1
812	0.629735588	-0.515973432	0.785907479	1
813	0.7319135240000001	-0.465179274	-0.347461956	2
814	-0.889707244	0.843668689	0.309514962	1
815	2.1481776530000003	0.008596162	1.9927107830000002	1
816	0.108901861	0.8460755109999999	0.978173884	2
817	0.116504552	-0.05262901	-0.7042617520000001	1
818	0.400065438	-0.195299735	1.987663225	1
819	-0.86322712	0.325978342	0.305778551	1
820	0.710759466	-0.411110439	0.001182555	1
821	-0.09212603300000001	1.0579651190000001	0.715302612	1
822	1.8636179880000001	-0.12321481199999999	-0.621414927	1
823	-0.315386057	1.298134886	-0.73116256	2
824	-0.38128552299999996	1.05848512	1.49803608	1
825	0.626054055	0.716135484	1.9072751490000002	2
826	-0.019692884	0.281410437	-0.909499752	1
827	-0.46298077600000004	1.079282317	-0.36233794399999997	2
828	0.570307839	0.665679887	-0.7514122940000001	2
829	-0.00732709	-0.008831858	-0.262227356	1
830	-0.7790421470000001	0.565594866	1.5955817769999998	1
831	1.1196262209999999	-0.697109036	0.42312015700000005	1
832	1.8187359269999999	0.028718847999999998	0.42497841700000005	2
833	-0.62747845	0.834781045	0.298487541	1
834	1.182229447	-0.492804601	0.100026271	1
835	2.039326492	0.066355905	0.952563851	1
836	2.1336996040000002	0.544222792	1.4943355980000002	2
837	0.558283218	0.708324559	1.3599283000000002	1
838	1.6803798980000002	-0.35134391600000003	-0.31864854800000003	1
839	0.527743127	-0.294613529	-0.494513204	2
840	0.239101128	-0.36209958700000006	1.998082509	2
841	-0.10524649300000001	0.386638879	1.562850436	1
842	-1.015909571	0.004683361	1.5438907480000001	1
843	1.2958560670000001	0.18409647399999998	0.18827113	1
844	-0.030366314	0.025680200000000004	0.8937212440000001	1
845	0.416205041	-0.161149331	-0.991792151	1
846	1.3608673919999998	-0.440612419	0.234429269	1
847	1.315355612	-0.571491434	0.884995491	1
848	0.6559778039999999	0.667496552	-1.002193873	2
849	1.01807622	0.308945962	0.9977504620000001	2
850	1.5494776540000001	-0.488970303	0.8769919540000001	2
851	-0.137052617	0.40320532299999995	0.6984101290000001	1
852	-0.234986568	0.358067378	0.76686006	2
853	0.5711095079999999	1.1836507029999999	-0.7891894559999999	1
854	0.7389297579999999	1.044841125	-0.354067766	2
855	-0.753083501	0.29955862899999997	-0.026526185	1
856	0.205353415	0.6732625459999999	1.763047223	1
857	-0.975495205	0.821636851	-0.994948843	1
858	0.7269128659999999	-0.439043931	0.554267841	1
859	-0.9847783509999999	0.113595015	-0.502111478	2
860	0.567883419	-0.415381192	0.928106916	2
861	1.7947026719999999	0.200230507	0.453054506	1
862	0.530804772	-0.44146469200000005	1.326499055	2
863	1.517358419	-0.26030036	-0.9136574670000001	2
864	1.571485763	-0.150120717	-0.926864687	1
865	0.44361822100000003	1.017504919	1.270614478	2
866	0.357912244	1.079391653	-0.75974879	2
867	-0.6011633989999999	0.60640794	-0.664974126	1
868	1.717056651	-0.345391599	0.8048264409999999	1
869	1.7903567880000002	0.186082592	1.962943993	2
870	2.1787195269999997	0.26336406	0.987012125	1
871	2.119215947	0.772793194	-0.811217106	2
872	1.710478323	-0.008498743000000001	-0.997290463	1
873	-0.619172277	0.159171227	1.657210649	1
874	0.7854261140000001	0.642979041	-0.485199764	1
875	0.721486732	0.511334221	-0.00913205	1
876	2.048499692	-0.325562936	1.78149922	1
877	0.7593126109999999	-0.526097415	0.816381763	2
878	1.6501289419999998	-0.325563376	0.06930882	2
879	1.715456221	0.13344187300000002	1.9364160119999998	2
880	0.253520211	-0.291863697	-0.661400229	1
881	0.027203458	0.017115997	-0.196248864	2
882	0.953606492	-0.604264262	0.0033763409999999997	2
883	1.118903678	0.165970373	0.612390069	1
884	0.04611118	0.995944906	-0.906464561	1
885	0.276487227	-0.364395515	1.365541636	1
886	1.995884896	0.332747786	0.36442580700000005	1
887	2.0377958	0.428936872	-0.716550802	2
888	-0.828049912	0.617985904	-0.9564802059999999	1
889	0.424546308	-0.434042684	0.9944987590000001	1
890	-0.221416488	1.084355107	0.289995125	2
891	1.3223820720000001	-0.453333121	1.8920756419999998	2
892	-1.077731809	0.8656996090000001	0.023417615	2
893	2.105082738	-0.116978952	-0.268567094	2
894	0.221991313	-0.38721160299999996	0.388823143	1
895	-0.89038089	-0.261986632	0.5541334210000001	2
896	-0.188053375	0.978114258	1.226184548	1
897	1.991837394	-0.024346766000000002	0.211973314	2
898	1.663877289	-0.17020132300000002	-0.8840114840000001	1
899	0.28959441399999997	0.7842301359999999	1.939855696	1
900	-0.856802245	0.545643607	0.19453831100000002	2
901	0.148687849	-0.363342648	-0.958217535	1
902	1.428680755	-0.063365451	-0.99019369	2
903	-0.654570146	0.922621079	1.320088455	2
904	-1.153310915	-0.166165704	0.335184799	1
905	-0.036546746	-0.06806862	0.23530848	1
906	0.731352514	-0.517700826	1.3671022290000001	1
907	-0.119144918	0.884046146	1.15287347	1
908	0.44461944600000003	-0.259822503	1.2816271320000001	2
909	0.6986450890000001	-0.23221033	0.08566734699999999	1
910	-0.87067404	0.488826269	-0.621089007	1
911	0.954520977	0.21377758300000002	1.5104329459999999	1
912	1.094697063	0.48621869700000003	0.7829829970000001	1
913	1.6284157869999998	-0.314309429	1.845849326	2
914	0.000835005	0.92299473	0.066821071	2
915	1.911413794	0.109572896	0.965549654	2
916	0.688171977	0.868810833	-0.95968611	1
917	1.899639081	-0.089366377	0.920537752	1
918	0.923480022	0.23096803100000002	1.7385501159999999	1
919	-0.415261301	0.569035225	0.8258966809999999	2
920	0.532407944	0.8889296040000001	0.656113149	2
921	0.42803037899999996	-0.430885029	-0.996759243	1
922	-0.221590972	1.088499729	1.611261188	1
923	1.9397678980000002	0.081926985	0.6687609210000001	1
924	-1.138388126	0.527148414	-0.797362281	1
925	0.670744526	0.460426185	0.114847986	1
926	2.003127244	0.24213321899999998	-0.09556872400000001	1
927	0.9752209000000001	0.394090031	0.992666453	1
928	1.0553920540000001	0.027501928	-0.896041132	2
929	-0.008853361	0.113099916	1.943007486	2
930	-0.34807642899999996	0.790300352	0.144815961	1
931	0.06967693400000001	-0.155028014	-0.9990665879999999	2
932	2.085628296	0.39991711	-0.591306856	2
933	-0.579889044	0.34293603	0.488453122	2
934	0.20596971100000003	0.784702452	0.801793017	2
935	1.64823774	-0.070801278	-0.221531091	2
936	-1.128960763	0.167828489	0.017555261000000003	2
937	0.123537385	0.469172208	0.272353581	2
938	-0.20929121	1.0302896190000002	-0.985684095	2
939	2.03087479	0.33362258	1.0220303579999999	2
940	-0.377847611	0.7153825140000001	0.055373940999999996	2
941	-0.12269757099999999	0.023430862	0.38632229	2
942	-0.914647265	-0.212626323	0.978511586	1
943	0.660709903	-0.564660555	1.769960023	2
944	-0.273080017	1.024247296	0.5544791029999999	2
945	-0.67855142	0.677274343	0.37123693700000004	1
946	0.401140173	1.263910953	1.632908366	1
947	0.7994175459999999	0.339359684	0.008239993000000001	2
948	-0.7346935090000001	0.745283769	0.220022904	2
949	0.38804167700000003	0.9101427809999999	0.17640724	2
950	-0.951980885	0.282173468	1.6497473130000002	2
951	1.049711581	-0.026730983	-1.006866904	1
952	-0.818506572	0.085714946	0.7987298	1
953	1.6173073119999999	-0.0014250679999999998	-0.489288412	2
954	1.237831665	-0.6992053090000001	0.574829256	1
955	0.749134126	0.6275541729999999	1.976795888	2
956	-0.005757754	0.21717435699999998	1.92344449	1
957	-1.023500968	0.470695223	-0.929343245	1
958	-0.060700765999999996	0.870679153	1.162331489	1
959	0.37047787299999996	-0.002921422	0.575990246	1
960	0.603982131	1.240430944	0.147680587	1
961	1.389621009	-0.47635576	0.41282235899999997	1
962	-0.06422505	0.25348061899999996	-0.607614098	2
963	1.956778427	0.519199575	0.042917672000000004	2
964	-0.7809959390000001	-0.12225944300000001	1.980813376	2
965	0.236992953	0.877532304	0.45099529	1
966	1.9846921690000001	0.214117086	-0.280675483	2
967	0.474924451	-0.50257755	0.9811057990000001	1
968	0.998697596	-0.5460388270000001	1.986020665	2
969	0.7482354520000001	0.538232362	0.206027847	1
970	0.036407012999999995	-0.205787675	0.531289295	1
971	0.673995149	0.984937123	0.665580113	1
972	-0.09050850199999999	1.085098776	0.17357522	2
973	0.613383176	1.065304512	0.651556496	1
974	1.680754969	-0.34486825299999996	1.948967039	1
975	-1.125042685	0.491433667	-0.5578471779999999	1
976	0.8897513909999999	-0.133548484	0.855221716	1
977	-0.822992112	0.066405393	0.81474519	1
978	-0.343027785	1.043169821	0.241201583	1
979	2.108736818	0.53092428	1.37550907	1
980	1.855243131	-0.437762665	-0.084247751	2
981	0.27545716600000003	0.051469717000000005	0.777903248	2
982	-0.9151238290000001	0.9240928359999999	1.9182668530000002	2
983	-1.050891059	0.558829472	1.809784609	1
984	0.723977485	0.667363461	0.37623439399999997	2
985	1.966783119	0.129907911	1.469430618	1
986	0.158821211	0.24752308899999997	-0.96532878	1
987	0.793859524	0.452262954	0.44378738100000004	1
988	-1.190948727	0.45214426	0.935763427	1
989	-0.871569823	0.7786845920000001	-0.519576681	2
990	2.024594743	0.21431361	-0.8706500359999999	1
991	-0.615607472	0.74347052	0.021149419	1
992	0.9063501890000001	-0.24293715100000002	0.637583382	2
993	1.613260184	-0.255227396	-0.09329977699999999	1
994	1.7931412580000001	-0.283183326	1.7343920659999998	2
995	1.030630949	-0.813454662	0.019590767	1
996	1.2986046	-0.17888845399999997	0.990556144	1
997	-0.944752532	0.249211337	0.7537935090000001	1
998	0.8040979159999999	0.46302217100000004	-0.28715460600000003	1
999	-0.050055719000000005	-0.045582517	1.865267732	1
